850	846.156964338	13.9543873615	3.27528139852	0.00183516429141
900	881.960540925	14.6634157375	3.26928793463	0.00191941961956
950	935.740459285	16.0064992456	3.26014000543	0.00209696752177
1000	993.114780225	16.8405153562	3.24974933678	0.00226185203685
1050	1036.89909364	21.086865921	3.20857232485	0.00367701763075
850	846.156964338	13.9543873615	3.27528139852	0.00183516429141
900	881.960540925	14.6634157375	3.26928793463	0.00191941961956
950	935.740459285	16.0064992456	3.26014000543	0.00209696752177
1000	993.114780225	16.8405153562	3.24974933678	0.00226185203685
1050	1036.89909364	21.086865921	3.20857232485	0.00367701763075
850	846.156964338	13.9543873615	3.27528139852	0.00183516429141
900	881.960540925	14.6634157375	3.26928793463	0.00191941961956
950	935.740459285	16.0064992456	3.26014000543	0.00209696752177
1000	993.114780225	16.8405153562	3.24974933678	0.00226185203685
1050	1036.89909364	21.086865921	3.20857232485	0.00367701763075
1100	1033.49334004	29.5981311206	3.18923122849	0.00363525439991
